113.761
114.646
115.385
116.479
114.482
118.376
119.528
118.391
117.026
118.862
118.478
116.704
116.414
117.632
117.325
115.503
115.946
116.165
116.662
116.592
117.781
118.573
115.645
116.534
117.203
115.070
115.121
115.131
114.315
112.616
111.896
112.565
112.143
110.964
110.672
110.977
111.126
110.622
110.301
108.956
108.928
108.233
108.290
107.708
107.059
108.424
108.692
107.497
105.864
106.269
106.557
106.060
106.751
108.367
107.629
109.581
108.353
108.719
108.651
108.196
107.220
108.408
107.556
108.187
107.364
106.986
107.544
107.381
106.022
104.729
105.016
105.423
104.491
104.302
103.834
101.817
101.248
99.981
100.573
102.551
101.516
101.030
104.053
104.745
105.078
105.319
104.481
103.876
104.638
104.817
104.339
104.532
104.617
103.259
103.501
104.332
103.446
103.032
103.181
102.935
102.252
100.942
99.681
100.626
101.135
100.524
98.194
97.276
96.430
97.667
100.011
101.202
99.222
99.469
99.806
99.057
100.258
103.462
101.915
103.910
104.107
102.782
102.163
100.098
102.674
102.126
101.812
102.933
103.483
102.819
102.655
104.120
103.704
103.949
103.452
104.717
103.856
103.775
103.803
103.903
105.135
105.817
104.530
104.089
103.636
102.043
100.605
101.340
100.967
100.724
100.689
100.092
102.062
102.013
100.303
99.404
97.623
98.040
98.774
98.321
98.960
97.734
97.821
97.205
95.999
97.380
97.020
97.030
97.457
96.567
96.393
94.864
93.628
93.910
94.361
94.485
91.946
89.993
90.024
91.623
92.092
91.727
94.258
94.808
95.597
94.024
95.009
96.008
95.528
96.353
96.188
96.236
96.386
95.045
95.923
94.588
94.578
93.285
94.333
93.082
92.875
94.817
95.953
96.292
97.369
97.108
96.313
94.491
95.387
96.054
95.416
94.389
91.903
95.307
93.662
93.735
96.729
98.041
99.588
99.994
99.137
98.605
98.904
97.828
98.027
95.365
94.340
94.217
94.604
95.584
97.307
97.603
97.240
97.886
96.932
96.545
97.659
96.510
97.526
98.015
96.122
96.168
94.413
95.343
94.114
94.636
98.311
98.589
97.861
97.394
96.996
95.639
95.444
97.677
96.558
95.103
96.010
96.097
95.351
94.393
94.056
94.474
93.658
93.802
93.613
92.032
91.699
91.841
91.546
91.012
87.887
85.460
85.136
85.697
85.269
85.674
86.610
86.400
87.450
87.838
86.977
86.420
85.915
88.122
88.846
89.040
88.624
89.820
89.552
89.710
89.251
87.891
85.547
86.230
87.477
87.269
87.901
88.515
85.973
84.914
85.525
85.641
85.620
87.718
88.669
89.598
88.419
87.421
86.886
83.797
85.720
84.084
83.064
85.300
85.597
84.220
83.847
85.764
85.718
83.360
82.921
83.679
86.088
86.292
82.322
82.953
83.273
81.594
78.624
79.342
80.000
78.656
78.630
77.984
79.379
78.116
78.169
78.314
76.789
75.429
74.687
75.125
74.657
76.436
76.416
75.092
74.712
76.193
76.678
76.404
78.389
77.473
77.930
76.262
75.634
76.902
75.180
76.328
76.029
76.819
77.078
78.602
77.496
76.514
78.768
79.146
80.347
81.051
81.435
79.637
79.302
79.220
80.275
79.866
79.405
80.218
79.155
77.996
78.571
77.487
77.363
78.130
76.653
76.594
75.857
74.399
74.847
75.010
74.553
74.744
73.668
72.840
72.763
71.767
70.609
71.405
70.953
70.641
70.075
72.123
71.394
69.815
70.757
71.421
72.122
72.754
72.308
72.942
73.851
76.117
76.642
78.596
77.240
76.754
76.072
75.356
78.898
80.122
80.867
82.739
81.815
83.082
83.622
86.537
85.130
85.232
85.220
85.861
84.265
82.956
82.714
83.118
83.288
84.547
86.116
86.445
86.383
85.044
85.469
85.603
85.550
85.824
85.776
84.086
82.862
84.334
85.444
85.246
84.510
83.307
84.820
85.210
84.360
84.623
84.666
85.366
83.868
83.808
85.088
84.377
84.768
84.977
84.164
83.913
84.886
84.928
86.051
86.384
86.900
86.371
84.985
85.484
85.653
86.023
85.761
85.378
85.354
86.935
87.653
87.293
86.686
86.052
85.804
84.793
84.525
84.291
83.543
80.899
81.533
82.767
83.894
81.861
84.041
85.495

