43.7
41
36.5
32.8
24.5
24.1
26
26.2
30.7
29.9
35.2
33.8
44.1
41.8
36.9
34.3
25.1
23.5
26.9
26.9
28.3
31.5
36.5
37.5
47.7
44.8
40.8
34.6
27.1
25.3
28.9
29.2
30.5
32.8
36.2
37.8
48.1
46.6
45.1
36.5
28.7
26.7
30.6
29.8
31.7
35
39.9
40.3
48.8
48.8
44
39.6
29.4
26.6
31.3
29.9
32.8
35.2
40
42.1
50.4
48.9
45.3
39.5
30.1
29
32.5
30.8
32.9
34.2
41
40.8
50.9
49.7
46.4
38.1
29
29.6
31.6
29.7
32.1
33.3
39.1
38.8
48.8
48.7
44.1
37.7
29.2
27.6
30.7
30.7
32.9
34.8
41
40.4
51.1
51.6
46.9
38.5
30.8
28.8
31.7
31.4
33.4
33.7
40.5
40.1
50.8
50.8
47.6
38.3
30.8
27.5
31.3
30.5
32.1
34.4
38.2
38.4
48.3
48.2
43.6
37.8
30
25.4
30.4
29.1
31.6
33.4
37.8
39.6
49.5
48.5
43.7
37.3
28.1
26.9
30.5
29.1
31.6
33.4
38.9
39
48.9
47.8
42.6
37.7
29.6
27.6
31.8
32.1
32.1
34
39.1
39.6
48
46.5
42.2
36.3
29
27.7
29.9
29.3
31.2
34.5

