1
5
1
14
30
21
19
20
22
19
27
20
20
23
21
24
18
18
23
22
19
1
1
1
1
1
0
1
1
1
1
1
1
1
1
1
2
2
1
2
2
1
1
4
1
1
3
2
1
1
1
1
1
1
2
46
5
3
5
34
7
17
3
1
3
3
1
4
2
1
3
1
1
1
6
2
1
6
2
1
52
1
1
3
3
1
1
1
8
5
4
2
4
2
1
1
14
3
2
1
1
1
7
2
4
4
2
4
0
3
1
2
1
3
1
1
2
1
5
1
1
7
2
6
2
4
1
6
1
2
1
4
3
2
2
1
1
1
10
2
1
9
1
2
3
5
1
6
4
1
7
3
1
7
3
3
1
1
1
3
1
3
5
14
6
3
1
4
2
1
1
2
1
2
14
4
6
2
4
2
1
7
1
5
1
4
1
1
4
1
8
3
5
1
1
7
1
2
4
7
3
1
1
3
2
5
1
3
16
2
5
1
2
4
3
1
5
5
10
2
3
48
8
4
3
3
1
1
3
4
2
1
1
2
1
8
8
2
2
1
1
4
2
4
2
2
1
7
6
1
4
3
3
5
3
1
3
1
2
5
2
4
1
8
5
1
1
3
2
7
1
3
1
1
2
3
9
1
2
3
1
3
1
2
2
5
2
2
1
2
1
2
1
1
1
2
3
15
1
73
6
4
6
1
5
8
10
2
4
1
8
14
2
7
4
10
14
2
8
1
4
5
3
3
6
2
7
5
1
1
3
12
2

5
3
11
2
4
4
2
3
1
4
7
1
1
11
3
3
5
1
7
1
5
3
50
1
2
6
17
6
2
13
0
4
3
2
3
5
12
6
1
4
4
14
1
3
1
11
3
12
17
13
6
1
4
0
14
2
13
3
7
3
2
2
2
1
1
7
7
3
1
8
2
2
2
2
3
4
1
1
11
9
4
2
6
5
15
7
2
14
6
0
12
5
12
11
5
4
5
13
2
35
4
2
15
9
14
3
4
3
1
8
2
4
19
10
11
3
2
2
3
6
10
7
1
11
13
8
2
3
9
7
1
19
1
2
9
2
10
3
1
3
4
10
20
14
1
4
15
6
12
16
9
7
13
14
5
4
13
20
18
2
14
6
2
11
4
7
10
4
13
5
4
9
4
3
10
3
8
10
2
6
8
9
2
9
1
3
6
7
14
5
2
7
1
2
10
5
7
8
8
3
5
9
1
0
10
14
25
9
2
10
29
18
6
10
10
12
5
2
12
9
3
10
15
18
22
22
8
13
10
2
13
14
20
3
22
11
0
0
13
0
9
9
20
19
8
7
13
12
17
3
21
10
13
4
4
13
13
13
25
0
22
11
17
12
10
17
2
13
35
26
19
14
19
10
25
3
3
24
13
17
20
40
17
16
12
12
20
10
27
3
18
22
25
20
15
24
13
20
1
2
3
15
3
31
25
5
24
2
16
21
6
5
9
16
12
14
22
22
22
6
2
10
26
22
22
28
17
2
3
20
16
5
20
19
17
9
12
3
7
1
15
1
24
24
0
25
16
15
10
3
9
5
3
4
23
24
4
3
11
10
23
23
24
11
13
17
24
3
20
13
18
25
21
31
6
21
30
31
20
21
3
2
27
2
15
28
3
3
12
4
16
22
11
23
29
20
2
23
26
31
59
25
31
14
5
45
26
44
22
24
20
29
44
28
27
28
14
17
15
8
1
3
18
23
17
7
11
21
20
1
27
10
25
20
0
26
10
4
14
19
12
28
27
13
30
18
23
18
2
25
5
13
30
13
20
22
3
4
1
8
2
6
22
20
21
24
4
21
1
17
27
25
31
19
25
39
21
1
2
16
13
11
1
23
2
11
15
26
23
22
5
24
32
24
12
7
21
12
87
2
2
13
11
3
38
7
8
18
21
19
12
4
22
25
15
1
12
2
16
53
21
12
9
13
23
8
11
27
6
10
22
15
4
25
40
43
53
2
5
50
14
13
14
1
6
2
26
11
20
3
1
3
3
10
35
0
3
41
53
18
44
25
5
0
2
20
5
13
13
22
2
20
8
23
20
25
23
5
16
1
18
9
31
5
3
12
32
31
1
12
7
14
12
2
23
4
20
5
12
30
6
14
19
15
30
32
31
10
13
2
3
4
6
43
1
8
32
16
5
25
26
18
19
52
4
2
3
25
37
13
13
19
40
13
2
13
17
3
8
21
9
7
2
30
23
33
27
32
12
14
3
2
12
30
13
20
20
5
2
6
1
3
27
16
14
23
16
16
3
15
31
13
22
27
53
33
18
45
35
2
16
5
5
34
8
24
21
5
23
24
5
4
48
55
3
34
5
28
20
9
38
17
26
6
17
8
7
16
32
14
4
44
7
5
13
4
80
15
12
3
25
35
15
16
39
1
13
28
15
46
40
58
29
23
22
22
9
25
50
26
12
12
55
16
8
26
10
10
23
4
6
28
28
48
21
52
2
21
9
3
8
5
46
21
9
31
38
2
17
12
10
7
10
14
16
20
14
29
2
16
24
27
53
10
3
11
26
22
21
16
43
11
23
2
6
10
2
3
40
14
50
3
33
36
10
7
3
37
3
7
2
5
10
50
13
3
39
22
27
8
17
12
23
12
25
1
5
16
6
13
3
3
56
22
26
4
28
3
6
23
36
23
15
17
29
7
31
9
3
8
38
3
15
4
44
17
70
12
10
2
37
4
52
29
2
50
9
11
17
5
6
1
8
11
11
1
24
7
18
2
1
46
11
3
14
14
25
16
5
19
44
20
9
52
37
18
37
87
3
3
27
2
27
10
40
26
19
39
18
5
30
46
11
2
16
8
23
35
14
13
13
4
3
7
30
8
43
10
18
2
19
0
7
11
34
17
129
58
44
21
1
4
1
14
2
42
21
3
1
28
5
25
44
2
21
2
19
28
10
23
13
1
9
21
4
16
35
21
1
16
15
3
35
10
10
3
9
20
33
2
18
18
25
4
21
36
16
16
25
5
3
19
1
3
4
3
20
10
2
30
3
47
12
21
3
26
28
6
3
21
42
42
3
24
2
28
4
2
26
10
28
45
17
18
15
0
5
10
13
29
16
1
5
26
8
13
66
4
2
3
19
12
20
4
2
3
16
18
22
22
58
30
25
66
13
2
9
3
16
2
15
3
19
66
7
44
28
14
10
10
6
2
26
17
1
4
22
3
2
2
40
50
52
19
3
2
1
3
18
22
5
6
3
2
14
2
30
74
32
128
1
46
18
12
15
1
0
5
59
0
3
23
5
2
25
2
36
23
34
25
14
62
5
3
21
11
1
17
16
2
5
21
22
5
18
15
20
24
19
67
40
34
26
3
24
1
34
1
37
16
2
2
9
9
3
14
24
58
1
79
23
8
12
8
12
1
3
27
7
21
3
15
44
4
43
4
61
3
2
4
19
9
3
11
5
21
47
23
15
22
35
26
8
4
20
9
18
3
47
32
16
49
61
11
4
15
4
1
45
1
19
7
15
3
36
33
10
99
24
64
17
3
19
13
13
8
15
5
19
23
20
80
11
31
17
8
3
36
2
21
9
3
21
5
5
10
36
2
51
4
10
2
3
4
65
14
5
24
15
5
1
9
24
2
26
12
28
5
2
31
12
10
8
60
14
68
0
6
2
5
32
2
2
1
3
20
53
16
34
1
18
26
5
42
40
3
25
45
29
3
2
33
1
11
9
34
10
50
42
61
37
9
59
61
34
32
6
3
63
25
2
10
18
9
37
4
35
13
12
31
10
4
29
14
54
18
16
18
1
1
37
13
1
6
35
20
3
63
80
29
31
8
21
62
11
2
3
12
22
4
37
33
15
31
24
78
22
128
20
28
10
25
4
6
21
23
6
26
72
12
23
52
13
61
20
1
24
1
17
72
67
6
27
39
6
1
78
5
2
14
83
77
16
37
28
34
17
2
45
77
3
52
21
15
3
13
2
27
1
6
13
18
23
2
95
111
2
11
5
15
1
107
11
22
31
40
18
12
32
23
15
3
13
26
45
130
5
112
81
84
14
94
6
1
9
26
27
81
4
10
15
20
9
86
12
13
11
44
4
8
28
2
3
8
1
10
27
4
18
23
21
26
97
25
24
50
5
33
12
1
1
25
2
5
13
3
1
8
14
17
3
7
43
0
27
4
4
41
18
10
31
11
12
55
37
34
101
29
20
31
19
38
38
15
7
23
35
6
6
63
13
20
1
19
0
16
80
40
18
10
6
6
31
5
7
22
118
3
81
3
6
0
28
2
3
10
2
4
4
13
31
22
2
58
20
83
85
28
1
3
5
3
45
9
15
49
2
44
10
46
79
11
3
3
2
2
57
1
5
1
50
39
3
0
2
3
2
4
87
39
28
2
80
1
32
2
33
5
29
10
3
6
4
17
38
1
1
3
5
4
3
2
17
10
10
4
87
84
2
2
2
7
10
25
8
28
16
22
50
2
54
26
2
5
30
119
18
85
0
0
4
41
30
52
16
8
11
37
7
13
30
4
59
4
11
17
9
38
30
10
19
8
13
1
36
30
68
30
58
32
43
2
8
13
4
8
32
85
2
2
3
34
56
30
117
46
3
46
133
37
2
2
4
64
3
124
6
6
5
30
2
2
11
2
83
49
20
2
11
3
2
2
4
24
2
4
3
42
24
6
4
6
0
1
9
98
4
1
24
2
18
14
11
38
6
2
3
19
50
3
3
30
82
25
9
21
17
4
29
9
3
10
3
2
1
21
2
30
10
4
2
22
4
12
51
38
4
26
25
4
4
25
2
2
6
2
5
9
15
35
23
126
14
17
19
12
3
4
16
4
3
88
72
10
17
2
3
20
11
35
3
7
34
22
16
24
21
42
82
16
18
7
11
11
37
3
23
2
66
4
16
2
37
1
1
130
70
5
3
26
10
72
7
2
2
13
2
4
44
6
3
2
42
19
4
12
13
15
12
1
98
21
3
37
82
63
49
14
19
2
3
61
2
2
12
5
36
4
18
11
26
123
5
5
22
85
11
155
4
23
29
3
6
6
120
29
1
6
4
11
7
3
5
10
3
13
3
48
35
3
21
40
4
0
5
47
2
95
11
57
3
13
25
4
10
2
11
10
19
23
32
7
0
9
26
2
39
3
3
51
20
2
3
12
27
12
1
26
26
24
2
50
11
24
15
12
38
13
10
13
35
36
19
84
3
100
16
2
53
24
1
31
45
9
44
1
18
11
11
30
2
6
1
79
3
19
2
14
14
35
2
3
4
1
5
33
3
4
3
13
1
16
62
8
3
35
4
28
83
45
20
4
74
27
74
5
26
5
2
2
9
14
87
90
3
0
10
15
2
5
23
32
28
2
19
1
34
9
11
37
21
92
5
12
102
4
17
47
11
38
23
3
6
61
45
3
10
36
19
8
23
13
5
1
6
11
6
6
1
13
1
5
5
112
109
23
7
4
37
10
30
99
14
30
39
3
37
22
11
1
4
8
38
8
30
43
2
3
3
2
2
75
18
47
79
42
4
5
18
25
2
7
31
93
16
2
45
21
35
13
8
2
18
7
3
12
15
5
64
39
2
8
4
12
5
2
78
11
6
32
10
50
28
24
6
17
68
3
6
4
97
163
0
37
100
2
37
3
21
111
22
5
5
49
32
63
20
10
6
20
16
31
4
52
69
47
25
34
57
2
47
28
91
23
104
3
1
20
39
27
6
1
2
19
23
2
5
4
8
16
5
112
22
14
2
25
18
3
43
6
4
6
18
115
7
34
9
22
8
11
9
4
2
2
14
32
3
47
82
81
5
12
122
118
5
3
13
7
2
3
10
52
19
1
38
30
18
156
26
34
25
101
4
1
11
31
0
10
1
9
109
2
174
29
4
37
1
60
27
22
35
11
62
2
155
6
12
3
26
4
43
2
10
14
13
40
103
5
5
4
44
176
3
3
37
2
66
5
22
110
2
79
32
15
18
13
25
3
68
4
3
5
62
108
16
15
4
6
4
2
100
11
4
48
23
6
2
27
5
123
78
38
5
89
5
119
85
10
56
16
42
24
1
4
6
4
41
6
2
3
11
9
108
10
8
8
4
2
6
1
3
27
13
8
10
51
30
2
6
20
106
17
1
38
4
12
24
31
24
14
4
2
66
3
4
96
1
35
2
1
7
10
346
18
4
36
15
78
11
107
1
118
6
22
3
3
29
2
44
19
5
3
5
5
9
47
27
4
48
7
31
35
88
70
75
5
2
6
2
3
6
6
5
1
2
2
2
3
4
2
32
3
4
1
2
59
4
3
92
191
5
54
7
77
4
33
61
9
3
12
21
14
5
9
16
42
1
2
5
32
40
3
5
15
2
26
55
5
16
155
3
2
3
2
6
23
1
1
113
2
3
8
10
2
2
4
41
6
28
188
20
0
28
126
2
20
10
26
1
25
60
7
4
11
2
67
75
9
4
15
19
6
3
20
6
2
9
9
82
61
6
4
7
13
3
7
34
40
9
6
2
3
7
3
3
24
5
6
19
120
4
2
5
5
1
7
2
34
6
12
5
37
11
4
50
17
52
6
14
46
45
12
2
7
17
5
2
76
3
5
11
59
3
6
23
18
1
68
10
90
176
154
1
4
15
4
73
4
95
3
4
32
2
29
2
5
6
72
2
3
48
53
6
19
4
96
5
12
22
1
6
5
77
4
20
44
2
3
5
583
15
8
62
35
21
28
54
9
6
4
68
3
18
5
16
6
30
5
1
38
25
5
2
6
4
4
3
3
2
4
3
33
13
19
4
20
29
6
34
7
2
6
24
1
13
131
5
2
46
34
2
59
100
17
17
13
29
2
36
3
5
8
2
10
24
213
2
2
14
2
44
17
42
4
3
7
2
2
18
47
2
2
73
6
48
4
3
2
2
9
10
8
6
3
13
4
10
2
18
5
18
12
6
14
10
4
11
15
38
6
18
3
21
3
3
137
6
15
2
38
2
11
26
4
9
18
2
183
2
15
77
27
5
3
2
10
1
2
2
108
10
10
5
13
3
4
14
5
3
18
2
59
2
5
3
3
8
4
4
3
45
12
86
29
4
2
10
17
3
1
3
57
4
271
7
3
12
17
27
2
1
61
7
9
3
6
8
17
1
14
45
6
3
5
178
1
11
63
9
40
10
6
12
31
4
5
2
3
8
14
4
2
10
10
72
3
5
3
0
3
3
3
156
257
9
4
7
10
19
29
41
15
9
2
128
13
43
1
13
6
46
2
87
18
7
14
6
9
55
5
146
44
7
3
70
2
11
13
29
13
29
2
81
13
166
8
8
3
3
2
13
1
3
4
2
11
301
37
8
3
34
36
89
36
3
45
3
11
13
4
15
20
2
10
4
4
2
50
7
2
52
4
8
2
11
2
23
2
18
6
1
4
8
7
1
15
15
21
31
4
20
18
27
2
17
52
2
2
3
5
4
50
4
19
4
30
6
110
31
3
21
33
7
0
60
3
17
9
5
1
18
4
99
10
3
180
11
4
2
12
13
7
4
18
2
74
73
2
7
35
53
23
24
3
4
1
15
0
132
3
27
27
21
3
27
112
2
13
47
7
21
2
10
53
137
44
17
12
90
145
4
4
0
4
2
1
8
11
20
10
9
44
10
46
50
4
5
4
7
8
15
2
15
22
3
2
84
8
46
2
10
16
25
1
3
10
47
6
2
11
19
23
4
2
8
2
8
21
14
11
8
14
30
0
3
23
47
14
7
2
6
23
119
20
0
7
2
2
10
7
12
90
269
9
11
112
2
10
9
4
7
9
10
1
130
4
8
181
53
93
4
3
2
44
13
1
50
1
6
4
3
26
28
2
7
12
0
18
3
4
23
29
5
6
4
19
2
12
4
3
3
18
9
30
9
4
1
5
9
49
24
9
3
2
2
17
2
9
1
30
11
4
50
2
3
7
174
4
20
240
4
1
14
10
13
19
4
21
15
110
29
3
38
38
3
70
21
17
23
4
58
9
2
57
4
9
148
0
50
3
6
46
7
4
11
0
6
2
4
76
17
5
2
2
2
2
1
17
329
2
200
2
80
134
520
8
3
3
55
8
7
3
52
31
26
14
9
17
8
2
2
2
14
1
4
4
2
4
4
11
60
22
256
25
7
87
3
1
21
2
13
38
8
3
2
4
9
0
49
167
4
11
13
37
22
22
5
2
19
13
23
1
4
25
1
54
17
3
13
59
60
6
7
2
67
6
16
3
1
5
13
3
14
3
11
2
34
70
2
13
21
103
45
40
70
6
63
11
22
50
1
54
10
1
16
11
14
36
1
9
9
6
2
3
40
2
10
27
4
2
13
6
2
183
2
2
14
8
6
2
10
53
46
8
45
50
4
1
5
2
2
108
154
4
83
9
15
5
3
49
2
37
9
4
10
2
28
18
2
10
9
159
115
14
43
42
1
15
29
16
15
2
6
8
17
16
2
9
11
27
16
3
21
12
20
15
17
23
11
17
143
4
2
29
24
6
17
29
1
42
1
36
3
0
6
2
11
6
22
21
3
290
8
3
6
3
28
3
39
30
6
5
4
3
7
20
1
14
1
76
7
2
35
34
6
5
33
34
124
12
1
4
6
7
4
14
6
5
25
77
8
10
259
2
47
2
5
11
19
26
3
144
5
4
10
9
10
2
24
10
2
19
3
22
11
5
6
1
16
10
176
6
11
20
6
62
12
3
30
2
2
112
10
3
1
30
42
75
13
3
34
16
10
2
34
3
54
5
126
13
55
22
6
171
2
2
26
24
11
7
6
10
9
4
5
12
5
25
127
54
36
20
2
18
4
34
24
1
107
5
3
8
5
24
15
6
7
5
9
27
23
1
2
25
73
19
28
2
1
2
92
29
1
0
30
2
11
3
4
11
25
2
5
20
20
7
1
10
3
20
8
11
10
21
2
23
0
5
5
8
2
30
9
47
83
18
5
61
13
3
18
8
4
12
4
130
128
1
4
11
9
46
16
15
2
38
13
8
10
10
1
21
5
1
13
34
63
4
3
22
20
25
45
6
10
9
7
5
98
27
34
28
8
6
5
23
11
8
13
7
13
13
4
223
2
7
2
10
4
3
15
13
261
15
3
5
9
6
9
6
3
69
4
3
14
3
14
13
7
4
2
1
10
1
134
1
12
17
3
5
40
51
15
1
20
23
3
20
1
41
20
5
9
27
0
5
5
2
2
87
7
47
12
5
30
3
1
5
3
2
27
10
7
1
3
7
11
46
4
16
9
39
9
47
5
3
2
6
10
3
10
4
19
1
29
57
24
70
8
4
6
4
167
0
113
108
10
3
84
3
12
8
3
12
1
10
7
3
11
10
158
4
6
14
1
31
15
8
13
3
3
33
20
30
34
3
141
13
9
37
56
157
4
4
17
2
2
3
16
133
30
2
6
83
4
3
6
0
4
3
11
2
8
40
56
76
30
2
2
3
132
2
11
9
1
40
41
23
3
1
55
68
1
19
4
0
24
82
2
27
106
1
60
9
2
7
5
7
12
17
116
13
18
7
3
18
29
5
36
124
9
10
5
2
13
31
1
0
4
1
8
32
2
2
6
4
29
75
0
5
3
17
12
26
11
264
8
8
8
4
7
6
160
9
12
12
9
17
50
7
80
37
3
3
6
5
21
18
47
0
3
3
3
44
132
3
3
5
6
28
1
8
8
2
10
66
21
22
7
23
68
14
4
6
1
7
2
22
1
5
15
7
28
5
3
57
12
14
51
1
5
1
3
2
2
3
10
4
8
3
9
1
6
60
8
1
3
52
8
7
9
6
12
2
6
0
5
12
13
48
16
2
4
3
6
15
1
34
2
3
65
10
10
10
1
7
8
21
3
81
5
34
2
42
24
15
8
1
15
3
13
9
53
9
63
10
2
72
54
98
20
49
141
160
2
12
2
1
14
39
5
4
4
189
8
20
11
2
10
91
8
123
9
23
8
5
35
20
6
3
53
2
16
1
110
3
10
7
18
3
2
2
20
9
34
230
1
4
8
2
1
9
3
12
141
2
3
32
70
6
6
2
3
8
4
5
95
16
8
16
143
349
8
14
14
10
127
1
23
14
16
2
18
4
6
22
2
2
3
29
1
5
25
37
73
1
5
1
4
88
50
3
2
5
3
6
14
15
36
35
27
7
2
4
25
1
44
4
30
2
2
1
1
229
4
16
2
5
2
12
65
10
22
33
234
9
8
74
5
1
2
3
8
23
4
10
85
3
70
104
5
5
1
10
1
51
2
16
104
0
7
5
27
196
1
1
6
13
45
0
22
2
53
75
39
26
5
28
11
6
8
3
10
4
4
2
5
6
4
15
5
1
5
18
11
1
44
70
24
229
5
5
1
9
3
38
1
55
1
41
0
3
4
11
13
9
1
2
4
1
7
8
102
11
1
5
14
9
2
4
2
3
4
28
14
11
7
1
61
19
8
1
5
6
5
3
7
5
2
11
50
1
7
17
1
2
5
5
4
3
16
1
7
17
10
18
1
3
1
2
64
12
8
3
15
7
2
5
10
12
3
6
6
217
4
16
18
24
4
5
9
6
17
6
8
3
35
16
3
2
4
1
22
10
6
1
10
22
5
4
169
24
14
88
8
6
3
0
9
2
10

6
3
1
3
131
4
2
1
6
3
19
1
1
8
7
5
4
44
5
19
13
1
55
2
2
7
109
13
25
6
14
11
27
2
3
143
1
10
7
8
14
5
0
6
3
1
2
3
8
86
83
44
2
1
57
1
1
9
2
24
10
3
2
3
10
2
6
1
21
3
16
19
3
18
1
14
16
10
34
5
30
7
1
145
8
13
10
6
3
6
4
0
2
9
4
44
64
92
65
19
1
9
3
78
114
3
10
10
2
3
3
260
27
2
2
24
1
3
18
2
2
6
16
2
8
5
5
7
3
5
1
26
6
5
92
2
117
1
17
10
3
17
1
4
4
2
128
6
3
6
8
74
14
112
5
225
6
3
20
5
1
3
71
2
25
4
10
11
4
0
14
10
5
121
18
16
1
23
3
2
6
2
3
12
1
1
8
20
7
2
19
1
3
8
17
1
2
44
1
3
1
75
21
46
7
3
6
8
2
3
275
17
11
102
4
3
129
75
4
2
5
8
4
4
1
7
3
4
4
4
5
116
2
4
14
5
2
1
20
21
2
8
1
6
7
3
4
2
1
5
3
1
15
2
4
1
20
2
3
2
140
148
37
10
1
9
43
6
4
3
4
1
5
6
4
7
7
3
6
7
33
1
7
2
3
19
4
24
6
2
6
2
1
2
3
25
46
41
1
2
17
1
4
3
6
2
7
3
2
13
10
5
3
53
3
26
2
2
6
16
2
1
20
9
1
31
2
10
104
7
2
8
2
15
2
2
28
8
8
9
18
3
13
2
10
15
10
13
27
7
60
0
16
14
121
160
40
11
99
14
2
4
4
2
1
117
8
94
0
108
20
23
12
2
3
6
11
42
3
3
1
6
6
2
5
19
14
6
4
2
3
113
1
4
2
40
2
5
9
1
5
5
128
45
17
5
1
3
170
49
29
14
12
13
154
4
15
96
38
3
2
3
102
1
34
2
2
12
0
1
3
22
4
1
4
6
11
3
18
114
9
3
13
21
6
15
6
1
22
5
3
2
1
187
1
5
9
5
20
6
14
2
14
8
11
90
1
21
3
10
18
2
0
57
4
2
5
18
6
1
0
13
20
3
46
5
10
3
19
1
8
0
13
20
24
2
1
4
9
11
3
10
4
32
1
10
18
7
6
4
1
0
9
8
5
9
10
3
154
11
68
3
17
3
7
88
4
4
18
4
8
4
7
7
7
3
3
12
8
0
24
2
49
13
5
9
11
17
14
2
16
24
6
11
1
7
18
98
4
228
1
13

