3.27
2.15
2.71
5.1
7.37
10.26
12.17
13.95
14.3
13.71
11.24
6.56
3.39
2.01
2.54
5.1
7.77
9.87
12.12
13.96
14.38
13.7
11.35
6.48
3.12
1.79
2.39
4.91
7.53
9.9
12.48
14.08
14.04
13.76
11.09
6
2.43
1.3
2.15
4.82
7.8
10.28
12.63
13.83
14.62
14.09
11.72
6.49
3.26
2.17
3.13
5.38
8.12
10.63
13.03
14.39
14.52
13.98
11.65
6.95
3.62
2.12
2.74
5.35
8.23
10.37
12.47
14.16
14.42
13.47
11.38
7.03
3.43
1.69
2.56
5.28
8.57
11
12.79
13.8
14.45
13.85
11.14
6.04
2.65
1.66
2.23
4.76
7.82
10.12
12.66
14
14.49
14.01
11.49
6.84
2.91
1.81
2.64
5.03
7.82
10.25
12.56
13.98
14.76
14.45
11.76
6.61
2.99
1.7
2.51
5.05
7.99
10.74
12.97
14.15
14.53
14.13
11.4
6.62
2.79
1.63
2.6
5.23
8.47
10.95
12.89
14.55
14.98
14.16
11.71
6.77
3.55
2.38
3.3
5.22
7.92
10.47
12.49
13.66
14.27
13.24
10.88
6.16
2.81
1.75
2.29
4.49
7.09
9.6
12.42
13.65
14
13.73
11.55
7.47
4.01
2.6
3.16
5.48
8.35
11.07
13.08
13.66
14.05
13.78
11.36
7.03
3.69
2.28
3.1
5.33
8.09
10.8
13.07
14.15
14.51
14.03
11.94
6.76
3.02
1.91
2.66
5.12
7.87
10.2
12.63
13.86
14.76
13.92
11.69
6.12
2.67
1.72
1.94
4.2
7.08
10.49
12.79
14.45
15.09
14.58
11.5
6.28
2.87
1.89
2.48
4.62
7.44
10.39
12.52
13.94
15.29
14.5
12.03
8.28
3.91
2.32
3.62
6.14
8.51
11.31
12.8
13.96
14.27
14
11.81
7.15
3.33
1.89
2.94
5.86
8.32
10.97
12.95
14.29
14.92
14.19
11.64
6.87
3.16
2.03
2.58
4.88
8.19
11.51
13.6
14.78
14.24
14.26
11.75
6.67
2.87
1.8
2.18
4.39

